V 54
K 1
D 0 -7112000 5588000 2286000
Y 1
U 5207000 2286000 254000 0 2 3 REFDES=IC?
U 5207000 2032000 254000 0 2 3 DEVICE=LT6711A
U 5207000 1778000 254000 0 2 0 PKG_TYPE=QFN40P750X750X80-65N-D
U 5207000 1524000 254000 0 2 0 Description=LONTIUM SEMICONDUCTOR CORPORATION
U 5207000 1270000 254000 0 2 0 Datasheet Link=http://www.usbtech.net/upload/portal/20210129/d73e5232d142fd140d2b9d6b06aa9998.pdf
U 5207000 1016000 254000 0 2 0 Height=0.8
U 5207000 762000 254000 0 2 0 Manufacturer_Name=Analog Devices
U 5207000 508000 254000 0 2 0 Manufacturer_Part_Number=LT6711A
U 5207000 254000 254000 0 2 0 Mouser Part Number=
U 5207000 0 254000 0 2 0 Mouser Price/Stock=
U 5207000 -254000 254000 0 2 0 Arrow Part Number=
U 5207000 -508000 254000 0 2 0 Arrow Price/Stock=
U 0 0 254000 0 1 0 FORWARD_PCB=1
l 5 508000 1778000 5080000 1778000 5080000 -6604000 508000 -6604000 508000 1778000
|GRPHSTL -1 -1 -1 1
P 1 0 0 508000 0 0 2 0
L 584200 0 228600 0 2 0 1 0 CEC_G5
A 355600 50800 203200 0 9 3 #=1
A 0 0 9 0 3 0 PINTYPE=BI
P 2 0 -254000 508000 -254000 0 2 0
L 584200 -254000 228600 0 2 0 1 0 VCC12R_1
A 355600 -203200 203200 0 9 3 #=2
A 0 0 9 0 3 0 PINTYPE=BI
P 3 0 -508000 508000 -508000 0 2 0
L 584200 -508000 228600 0 2 0 1 0 HCN
A 355600 -457200 203200 0 9 3 #=3
A 0 0 9 0 3 0 PINTYPE=BI
P 4 0 -762000 508000 -762000 0 2 0
L 584200 -762000 228600 0 2 0 1 0 HCP
A 355600 -711200 203200 0 9 3 #=4
A 0 0 9 0 3 0 PINTYPE=BI
P 5 0 -1016000 508000 -1016000 0 2 0
L 584200 -1016000 228600 0 2 0 1 0 VCC12R_2
A 355600 -965200 203200 0 9 3 #=5
A 0 0 9 0 3 0 PINTYPE=BI
P 6 0 -1270000 508000 -1270000 0 2 0
L 584200 -1270000 228600 0 2 0 1 0 H0N
A 355600 -1219200 203200 0 9 3 #=6
A 0 0 9 0 3 0 PINTYPE=BI
P 7 0 -1524000 508000 -1524000 0 2 0
L 584200 -1524000 228600 0 2 0 1 0 H0P
A 355600 -1473200 203200 0 9 3 #=7
A 0 0 9 0 3 0 PINTYPE=BI
P 8 0 -1778000 508000 -1778000 0 2 0
L 584200 -1778000 228600 0 2 0 1 0 VCC33R
A 355600 -1727200 203200 0 9 3 #=8
A 0 0 9 0 3 0 PINTYPE=BI
P 9 0 -2032000 508000 -2032000 0 2 0
L 584200 -2032000 228600 0 2 0 1 0 H1N
A 355600 -1981200 203200 0 9 3 #=9
A 0 0 9 0 3 0 PINTYPE=BI
P 10 0 -2286000 508000 -2286000 0 2 0
L 584200 -2286000 228600 0 2 0 1 0 H1P
A 355600 -2235200 203200 0 9 3 #=10
A 0 0 9 0 3 0 PINTYPE=BI
P 11 0 -2540000 508000 -2540000 0 2 0
L 584200 -2540000 228600 0 2 0 1 0 VCC12R_3
A 355600 -2489200 203200 0 9 3 #=11
A 0 0 9 0 3 0 PINTYPE=BI
P 12 0 -2794000 508000 -2794000 0 2 0
L 584200 -2794000 228600 0 2 0 1 0 H2N
A 355600 -2743200 203200 0 9 3 #=12
A 0 0 9 0 3 0 PINTYPE=BI
P 13 0 -3048000 508000 -3048000 0 2 0
L 584200 -3048000 228600 0 2 0 1 0 H2P
A 355600 -2997200 203200 0 9 3 #=13
A 0 0 9 0 3 0 PINTYPE=BI
P 14 0 -3302000 508000 -3302000 0 2 0
L 584200 -3302000 228600 0 2 0 1 0 VCC12_RXPLL
A 355600 -3251200 203200 0 9 3 #=14
A 0 0 9 0 3 0 PINTYPE=BI
P 15 0 -3556000 508000 -3556000 0 2 0
L 584200 -3556000 228600 0 2 0 1 0 VCC12R_4
A 355600 -3505200 203200 0 9 3 #=15
A 0 0 9 0 3 0 PINTYPE=BI
P 16 0 -3810000 508000 -3810000 0 2 0
L 584200 -3810000 228600 0 2 0 1 0 CSDA_G6
A 355600 -3759200 203200 0 9 3 #=16
A 0 0 9 0 3 0 PINTYPE=BI
P 17 762000 -7112000 762000 -6604000 0 1 0
L 762000 -6527800 228600 1 2 0 1 0 CSCL_G7
A 711200 -6756400 203200 1 9 3 #=17
A 0 0 9 0 3 0 PINTYPE=BI
P 18 1016000 -7112000 1016000 -6604000 0 1 0
L 1016000 -6527800 228600 1 2 0 1 0 XTALO
A 965200 -6756400 203200 1 9 3 #=18
A 0 0 9 0 3 0 PINTYPE=BI
P 19 1270000 -7112000 1270000 -6604000 0 1 0
L 1270000 -6527800 228600 1 2 0 1 0 XTALI
A 1219200 -6756400 203200 1 9 3 #=19
A 0 0 9 0 3 0 PINTYPE=BI
P 20 1524000 -7112000 1524000 -6604000 0 1 0
L 1524000 -6527800 228600 1 2 0 1 0 VCC33IO_1
A 1473200 -6756400 203200 1 9 3 #=20
A 0 0 9 0 3 0 PINTYPE=BI
P 21 1778000 -7112000 1778000 -6604000 0 1 0
L 1778000 -6527800 228600 1 2 0 1 0 VDD_1
A 1727200 -6756400 203200 1 9 3 #=21
A 0 0 9 0 3 0 PINTYPE=BI
P 22 2032000 -7112000 2032000 -6604000 0 1 0
L 2032000 -6527800 228600 1 2 0 1 0 SBU2B8_G8
A 1981200 -6756400 203200 1 9 3 #=22
A 0 0 9 0 3 0 PINTYPE=BI
P 23 2286000 -7112000 2286000 -6604000 0 1 0
L 2286000 -6527800 228600 1 2 0 1 0 AUXN
A 2235200 -6756400 203200 1 9 3 #=23
A 0 0 9 0 3 0 PINTYPE=BI
P 24 2540000 -7112000 2540000 -6604000 0 1 0
L 2540000 -6527800 228600 1 2 0 1 0 AUXP
A 2489200 -6756400 203200 1 9 3 #=24
A 0 0 9 0 3 0 PINTYPE=BI
P 25 2794000 -7112000 2794000 -6604000 0 1 0
L 2794000 -6527800 228600 1 2 0 1 0 SBU1A8_G9
A 2743200 -6756400 203200 1 9 3 #=25
A 0 0 9 0 3 0 PINTYPE=BI
P 26 3048000 -7112000 3048000 -6604000 0 1 0
L 3048000 -6527800 228600 1 2 0 1 0 DTXHPD__DVDET_G10
A 2997200 -6756400 203200 1 9 3 #=26
A 0 0 9 0 3 0 PINTYPE=BI
P 27 3302000 -7112000 3302000 -6604000 0 1 0
L 3302000 -6527800 228600 1 2 0 1 0 DCC2B5
A 3251200 -6756400 203200 1 9 3 #=27
A 0 0 9 0 3 0 PINTYPE=BI
P 28 3556000 -7112000 3556000 -6604000 0 1 0
L 3556000 -6527800 228600 1 2 0 1 0 DCC1A5
A 3505200 -6756400 203200 1 9 3 #=28
A 0 0 9 0 3 0 PINTYPE=BI
P 29 3810000 -7112000 3810000 -6604000 0 1 0
L 3810000 -6527800 228600 1 2 0 1 0 IRQO_G11
A 3759200 -6756400 203200 1 9 3 #=29
A 0 0 9 0 3 0 PINTYPE=BI
P 30 4064000 -7112000 4064000 -6604000 0 1 0
L 4064000 -6527800 228600 1 2 0 1 0 VCC33STBY
A 4013200 -6756400 203200 1 9 3 #=30
A 0 0 9 0 3 0 PINTYPE=BI
P 31 4318000 -7112000 4318000 -6604000 0 1 0
L 4318000 -6527800 228600 1 2 0 1 0 REXT
A 4267200 -6756400 203200 1 9 3 #=31
A 0 0 9 0 3 0 PINTYPE=BI
P 32 4572000 -7112000 4572000 -6604000 0 1 0
L 4572000 -6527800 228600 1 2 0 1 0 VCC12A
A 4521200 -6756400 203200 1 9 3 #=32
A 0 0 9 0 3 0 PINTYPE=BI
P 33 5588000 0 5080000 0 0 3 0
L 5003800 0 228600 0 8 0 1 0 D3P_B11_RX1P
A 5232400 50800 203200 0 3 3 #=48
A 0 0 9 0 3 0 PINTYPE=BI
P 34 5588000 -254000 5080000 -254000 0 3 0
L 5003800 -254000 228600 0 8 0 1 0 D3N_B10_RX1N
A 5232400 -203200 203200 0 3 3 #=47
A 0 0 9 0 3 0 PINTYPE=BI
P 35 5588000 -508000 5080000 -508000 0 3 0
L 5003800 -508000 228600 0 8 0 1 0 VCC12T_2
A 5232400 -457200 203200 0 3 3 #=46
A 0 0 9 0 3 0 PINTYPE=BI
P 36 5588000 -762000 5080000 -762000 0 3 0
L 5003800 -762000 228600 0 8 0 1 0 SSTXP
A 5232400 -711200 203200 0 3 3 #=45
A 0 0 9 0 3 0 PINTYPE=BI
P 37 5588000 -1016000 5080000 -1016000 0 3 0
L 5003800 -1016000 228600 0 8 0 1 0 SSTXN
A 5232400 -965200 203200 0 3 3 #=44
A 0 0 9 0 3 0 PINTYPE=BI
P 38 5588000 -1270000 5080000 -1270000 0 3 0
L 5003800 -1270000 228600 0 8 0 1 0 VCC18T_2
A 5232400 -1219200 203200 0 3 3 #=43
A 0 0 9 0 3 0 PINTYPE=BI
P 39 5588000 -1524000 5080000 -1524000 0 3 0
L 5003800 -1524000 228600 0 8 0 1 0 D0P_A11_RX2P
A 5232400 -1473200 203200 0 3 3 #=42
A 0 0 9 0 3 0 PINTYPE=BI
P 40 5588000 -1778000 5080000 -1778000 0 3 0
L 5003800 -1778000 228600 0 8 0 1 0 D0N_A10_RX2N
A 5232400 -1727200 203200 0 3 3 #=41
A 0 0 9 0 3 0 PINTYPE=BI
P 41 5588000 -2032000 5080000 -2032000 0 3 0
L 5003800 -2032000 228600 0 8 0 1 0 D2N_A3_TX1N
A 5232400 -1981200 203200 0 3 3 #=40
A 0 0 9 0 3 0 PINTYPE=BI
P 42 5588000 -2286000 5080000 -2286000 0 3 0
L 5003800 -2286000 228600 0 8 0 1 0 D2P_A2_TX1P
A 5232400 -2235200 203200 0 3 3 #=39
A 0 0 9 0 3 0 PINTYPE=BI
P 43 5588000 -2540000 5080000 -2540000 0 3 0
L 5003800 -2540000 228600 0 8 0 1 0 VCC18T_1
A 5232400 -2489200 203200 0 3 3 #=38
A 0 0 9 0 3 0 PINTYPE=BI
P 44 5588000 -2794000 5080000 -2794000 0 3 0
L 5003800 -2794000 228600 0 8 0 1 0 SSRXN
A 5232400 -2743200 203200 0 3 3 #=37
A 0 0 9 0 3 0 PINTYPE=BI
P 45 5588000 -3048000 5080000 -3048000 0 3 0
L 5003800 -3048000 228600 0 8 0 1 0 SSRXP
A 5232400 -2997200 203200 0 3 3 #=36
A 0 0 9 0 3 0 PINTYPE=BI
P 46 5588000 -3302000 5080000 -3302000 0 3 0
L 5003800 -3302000 228600 0 8 0 1 0 VCC12T_1
A 5232400 -3251200 203200 0 3 3 #=35
A 0 0 9 0 3 0 PINTYPE=BI
P 47 5588000 -3556000 5080000 -3556000 0 3 0
L 5003800 -3556000 228600 0 8 0 1 0 D1N_B3_TX2N
A 5232400 -3505200 203200 0 3 3 #=34
A 0 0 9 0 3 0 PINTYPE=BI
P 48 5588000 -3810000 5080000 -3810000 0 3 0
L 5003800 -3810000 228600 0 8 0 1 0 D1P_B2_TX2P
A 5232400 -3759200 203200 0 3 3 #=33
A 0 0 9 0 3 0 PINTYPE=BI
P 49 762000 2286000 762000 1778000 0 0 0
L 762000 1701800 228600 1 8 0 1 0 EP
A 711200 1930400 203200 1 3 3 #=65
A 0 0 9 0 3 0 PINTYPE=BI
P 50 1016000 2286000 1016000 1778000 0 0 0
L 1016000 1701800 228600 1 8 0 1 0 G4
A 965200 1930400 203200 1 3 3 #=64
A 0 0 9 0 3 0 PINTYPE=BI
P 51 1270000 2286000 1270000 1778000 0 0 0
L 1270000 1701800 228600 1 8 0 1 0 G3
A 1219200 1930400 203200 1 3 3 #=63
A 0 0 9 0 3 0 PINTYPE=BI
P 52 1524000 2286000 1524000 1778000 0 0 0
L 1524000 1701800 228600 1 8 0 1 0 UCC1A5
A 1473200 1930400 203200 1 3 3 #=62
A 0 0 9 0 3 0 PINTYPE=BI
P 53 1778000 2286000 1778000 1778000 0 0 0
L 1778000 1701800 228600 1 8 0 1 0 UCC2B5
A 1727200 1930400 203200 1 3 3 #=61
A 0 0 9 0 3 0 PINTYPE=BI
P 54 2032000 2286000 2032000 1778000 0 0 0
L 2032000 1701800 228600 1 8 0 1 0 DSDA_G2
A 1981200 1930400 203200 1 3 3 #=60
A 0 0 9 0 3 0 PINTYPE=BI
P 55 2286000 2286000 2286000 1778000 0 0 0
L 2286000 1701800 228600 1 8 0 1 0 DSCL_G1
A 2235200 1930400 203200 1 3 3 #=59
A 0 0 9 0 3 0 PINTYPE=BI
P 56 2540000 2286000 2540000 1778000 0 0 0
L 2540000 1701800 228600 1 8 0 1 0 HRXHPD_G0
A 2489200 1930400 203200 1 3 3 #=58
A 0 0 9 0 3 0 PINTYPE=BI
P 57 2794000 2286000 2794000 1778000 0 0 0
L 2794000 1701800 228600 1 8 0 1 0 VCC33IO_2
A 2743200 1930400 203200 1 3 3 #=57
A 0 0 9 0 3 0 PINTYPE=BI
P 58 3048000 2286000 3048000 1778000 0 0 0
L 3048000 1701800 228600 1 8 0 1 0 RST_N
A 2997200 1930400 203200 1 3 3 #=56
A 0 0 9 0 3 0 PINTYPE=BI
P 59 3302000 2286000 3302000 1778000 0 0 0
L 3302000 1701800 228600 1 8 0 1 0 VDD_2
A 3251200 1930400 203200 1 3 3 #=55
A 0 0 9 0 3 0 PINTYPE=BI
P 60 3556000 2286000 3556000 1778000 0 0 0
L 3556000 1701800 228600 1 8 0 1 0 G18
A 3505200 1930400 203200 1 3 3 #=54
A 0 0 9 0 3 0 PINTYPE=BI
P 61 3810000 2286000 3810000 1778000 0 0 0
L 3810000 1701800 228600 1 8 0 1 0 G17
A 3759200 1930400 203200 1 3 3 #=53
A 0 0 9 0 3 0 PINTYPE=BI
P 62 4064000 2286000 4064000 1778000 0 0 0
L 4064000 1701800 228600 1 8 0 1 0 G16
A 4013200 1930400 203200 1 3 3 #=52
A 0 0 9 0 3 0 PINTYPE=BI
P 63 4318000 2286000 4318000 1778000 0 0 0
L 4318000 1701800 228600 1 8 0 1 0 G15
A 4267200 1930400 203200 1 3 3 #=51
A 0 0 9 0 3 0 PINTYPE=BI
P 64 4572000 2286000 4572000 1778000 0 0 0
L 4572000 1701800 228600 1 8 0 1 0 G14
A 4521200 1930400 203200 1 3 3 #=50
A 0 0 9 0 3 0 PINTYPE=BI
P 65 4826000 2286000 4826000 1778000 0 0 0
L 4826000 1701800 228600 1 8 0 1 0 G13
A 4775200 1930400 203200 1 3 3 #=49
A 0 0 9 0 3 0 PINTYPE=BI
E
